"V1","V2","V3","V4","V5","V6","V7","V8","V9","V10"
14.8337729735136,1.94443023913118,-0.348023546556928,0.00740769982272279,6.08125117378635e-05,-0.000342515562148179,2.66059546112078e-05,-0.000236892003979398,0.000278372102008052,-4.56851707390836e-05
1.94443023913118,1.14208235641302,1.17479614375248,-0.0250055988219961,-0.000205280088055628,0.00115620326718701,-8.98116612652637e-05,0.000799657998763191,-0.000939679154484734,0.000154215894127532
-0.348023546556928,1.17479614375248,1.71038130053879,0.00447562324976975,3.67420249106138e-05,-0.00020694286351304,1.60749263452249e-05,-0.000143126663617182,0.000168188328585131,-2.76023080331798e-05
0.00740769982272279,-0.0250055988219961,0.00447562324976975,0.473361354188896,-7.8205596776945e-07,4.40478993021046e-06,-3.42155667853916e-07,3.04645869838988e-06,-3.57989757928541e-06,5.87516604417321e-07
6.08125117378635e-05,-0.000205280088055628,3.67420249106138e-05,-7.8205596776945e-07,0.0101863035511353,3.61605283432934e-08,-2.80888075620686e-09,2.50094914637815e-08,-2.93886859367051e-08,4.82313825550941e-09
-0.000342515562148179,0.00115620326718701,-0.00020694286351304,4.40478993021046e-06,3.61605283432934e-08,0.00502996279938263,1.58205170024038e-08,-1.40861473695208e-07,1.655265009524e-07,-2.71654609132702e-08
2.66059546112078e-05,-8.98116612652637e-05,1.60749263452249e-05,-3.42155667853916e-07,-2.80888075620686e-09,1.58205170024038e-08,0.00366778567967156,1.09418502041909e-08,-1.28577824086947e-08,2.1101611140157e-09
-0.000236892003979398,0.000799657998763191,-0.000143126663617182,3.04645869838988e-06,2.50094914637815e-08,-1.40861473695208e-07,1.09418502041909e-08,0.00251837534522379,1.14482110759039e-07,-1.87882863909969e-08
0.000278372102008052,-0.000939679154484734,0.000168188328585131,-3.57989757928541e-06,-2.93886859367051e-08,1.655265009524e-07,-1.28577824086947e-08,1.14482110759039e-07,0.00200340792876545,2.20781397781883e-08
-4.56851707390836e-05,0.000154215894127532,-2.76023080331798e-05,5.87516604417321e-07,4.82313825550941e-09,-2.71654609132702e-08,2.1101611140157e-09,-1.87882863909969e-08,2.20781397781883e-08,0.00104803338702418
